3.729102706909179688e+01
3.399343490600585938e+01
3.176345252990722656e+01
3.022374343872070312e+01
2.929104042053222656e+01
2.906837272644042969e+01
2.924919128417968750e+01
2.905168914794921875e+01
2.900231361389160156e+01
2.967424201965332031e+01
3.083599090576171875e+01
3.114786720275878906e+01
3.118236351013183594e+01
3.179072380065917969e+01
3.329259109497070312e+01
3.490781784057617188e+01
3.664641571044921875e+01
3.738312530517578125e+01
3.711972427368164062e+01
3.633526229858398438e+01
3.526707077026367188e+01
3.555620193481445312e+01
3.680358505249023438e+01
3.763115692138671875e+01
3.684783935546875000e+01
3.591896057128906250e+01
3.606989669799804688e+01
3.653976058959960938e+01
3.608349609375000000e+01
3.531740188598632812e+01
3.468581771850585938e+01
3.399401855468750000e+01
3.367339706420898438e+01
3.382292175292968750e+01
3.433200836181640625e+01
3.516012191772460938e+01
3.606513977050781250e+01
3.699732589721679688e+01
3.750372314453125000e+01
3.806640243530273438e+01
3.813251113891601562e+01
3.660744857788085938e+01
3.513201522827148438e+01
3.456622695922851562e+01
3.139491844177246094e+01
2.966003608703613281e+01
2.999830627441406250e+01
3.175405120849609375e+01
3.426047134399414062e+01
3.744369125366210938e+01
3.681951522827148438e+01
3.668241119384765625e+01
3.721303558349609375e+01
3.772366714477539062e+01
3.813220596313476562e+01
3.821595764160156250e+01
3.836355209350585938e+01
3.840265274047851562e+01
3.844824218750000000e+01
3.857600402832031250e+01
3.871698760986328125e+01
3.864596939086914062e+01
3.842849349975585938e+01
3.831847381591796875e+01
3.829228210449218750e+01
3.847213363647460938e+01
3.849030303955078125e+01
3.807354736328125000e+01
3.788956451416015625e+01
3.798134613037109375e+01
3.790210723876953125e+01
3.660399627685546875e+01
3.464789581298828125e+01
3.345454788208007812e+01
3.318367767333984375e+01
3.328821945190429688e+01
3.336747741699218750e+01
3.344227218627929688e+01
3.338764190673828125e+01
3.342877578735351562e+01
3.371807479858398438e+01
3.367886734008789062e+01
3.373686981201171875e+01
3.368887710571289062e+01
3.348600769042968750e+01
3.354089736938476562e+01
3.370354080200195312e+01
3.380060195922851562e+01
3.370321655273437500e+01
3.349814987182617188e+01
3.344150161743164062e+01
3.352803802490234375e+01
3.382090377807617188e+01
3.409702682495117188e+01
3.452458572387695312e+01
3.514245605468750000e+01
3.562571716308593750e+01
3.628541946411132812e+01
3.626097488403320312e+01
3.516091918945312500e+01
3.474263381958007812e+01
3.464330673217773438e+01
3.562205123901367188e+01
3.603966522216796875e+01
3.477128601074218750e+01
3.396208572387695312e+01
3.426456832885742188e+01
3.482918930053710938e+01
3.533753585815429688e+01
3.576696014404296875e+01
3.619546508789062500e+01
3.643851089477539062e+01
3.675635528564453125e+01
3.704443740844726562e+01
3.672742462158203125e+01
3.638097000122070312e+01
3.613849258422851562e+01
3.585235595703125000e+01
3.568592071533203125e+01
3.550690078735351562e+01
3.572709274291992188e+01
3.544458770751953125e+01
3.585160064697265625e+01
3.678947067260742188e+01
3.664155960083007812e+01
3.815972137451171875e+01
3.670201873779296875e+01
3.593598175048828125e+01
3.649105453491210938e+01
3.694168853759765625e+01
3.738963317871093750e+01
3.758569717407226562e+01
3.762891006469726562e+01
3.759109497070312500e+01
3.739706802368164062e+01
3.721705245971679688e+01
3.659314727783203125e+01
3.642230987548828125e+01
3.630643463134765625e+01
3.617635345458984375e+01
3.614532470703125000e+01
3.643400573730468750e+01
3.576174926757812500e+01
3.557791137695312500e+01
3.531422042846679688e+01
3.427981185913085938e+01
3.523902511596679688e+01
3.660551834106445312e+01
3.716939544677734375e+01
3.868621444702148438e+01
3.683388900756835938e+01
3.668321609497070312e+01
3.707594299316406250e+01
3.756062698364257812e+01
3.803890609741210938e+01
3.792762374877929688e+01
3.800496673583984375e+01
3.817494583129882812e+01
3.829951858520507812e+01
3.872118377685546875e+01
3.893093872070312500e+01
3.901620864868164062e+01
3.887973022460937500e+01
3.889457702636718750e+01
3.876142883300781250e+01
3.836318588256835938e+01
3.825093460083007812e+01
3.808055877685546875e+01
3.774409484863281250e+01
3.732113265991210938e+01
3.690178298950195312e+01
3.644247817993164062e+01
3.623315048217773438e+01
3.600625991821289062e+01
3.592727661132812500e+01
3.603092956542968750e+01
3.592808532714843750e+01
3.607275772094726562e+01
3.604453659057617188e+01
3.602605056762695312e+01
3.603939437866210938e+01
3.648053741455078125e+01
3.646592712402343750e+01
3.642665863037109375e+01
3.636936950683593750e+01
3.631599426269531250e+01
3.615417480468750000e+01
3.596561050415039062e+01
3.561418533325195312e+01
3.551347732543945312e+01
3.557080078125000000e+01
3.575016403198242188e+01
3.616691207885742188e+01
3.672880172729492188e+01
3.705843734741210938e+01
3.724514389038085938e+01
3.722719955444335938e+01
3.718559646606445312e+01
3.692490768432617188e+01
3.694866180419921875e+01
